Tree=0
num_leaves=22
num_cat=0
split_feature=2 0 3 9 0 7 1 6 6 8 0 3 3 6 1 7 6 1 7 1 1
split_gain=184.16 38.8696 16.6223 14.977 13.6953 7.43505 7.21708 5.05146 3.10333 2.83407 2.34904 1.6587 2.82624 2.21128 1.24738 1.00032 0.670672 0.604752 
		0.567955 7.10543e-15 7.10543e-15
threshold=1.0000000180025095e-35 2.5000000000000004 15.500000000000002 1.5000000000000002 1.5000000000000002 21.037500000000005 477.50000000000006 642.50000000000011 
		216.50000000000003 59.500000000000007 2.5000000000000004 32.250000000000007 26.500000000000004 445.50000000000006 541.50000000000011 28.856250000000003 
		160.50000000000003 174.50000000000003 7.7979000000000012 507.50000000000006 362.50000000000006
decision_type=2 2 2 2 2 2 2 2 2 2 2 2 2 2 2 2 2 2 2 2 2
left_child=1 15 -2 -3 6 -5 9 8 10 -4 -6 12 18 14 -14 16 -1 -17 -10 -13 -20
right_child=2 3 4 5 7 -7 -8 -9 11 -11 -12 19 13 -15 -16 17 -18 -19 20 -21 -22
leaf_value=-0.27296091280993884 -0.38512762838471015 -0.29881810479458398 -0.46703760807754741 -0.40690116729040104 -0.56926955741569618 -0.55997574383950077 
		-0.54521498110083766 -0.47706034820873849 -0.57728774952064899 -0.36863252315312611 -0.48785406835002115 -0.61737871004541334 -0.48343845556495096 
		-0.58499754962156525 -0.5542354472189096 -0.23851913308639144 -0.22545500974297675 -0.19642362453538886 -0.61737871004541334 -0.61737871004541334 
		-0.61737871004541334
leaf_count=22 29 37 28 34 35 22 35 24 21 22 26 33 22 39 20 20 29 51 27 23 24
internal_value=0 1.53668 -0.809768 0.537501 -0.924323 -0.13176 -0.198971 -1.13403 -1.21422 0.301223 -0.807062 -1.33305 -1.22247 -0.959564 -0.632897 2.29834 
		2.07914 2.4558 -1.51824 -1.63517 -1.63517
internal_count=623 215 408 93 379 56 85 294 270 50 61 209 153 81 42 122 51 71 72 56 51
shrinkage=1