tree
version=v2
num_class=1
num_tree_per_iteration=1
label_index=0
max_feature_idx=9
objective=regression
feature_names=Column_0 Column_1 Column_2 Column_3 Column_4 Column_5 Column_6 Column_7 Column_8 Column_9
feature_infos=[None:None] [None:None] [None:None] [None:None] [None:None] [None:None] [None:None] [None:None] [None:None] [None:None]

Tree=0
num_leaves=22
num_cat=0
split_feature=2 0 0 3 3 6 1 7 6 1 7 1 3 1 9 0 7 1 6 6 8
split_gain=184.16000366210938 38.869598388671875 2.3490400314331055 1.6586999893188477 2.826240062713623 2.211280107498169 1.247380018234253 1.0003199577331543 0.6706719994544983 0.6047520041465759 0.5679550170898438 7.105429898699844e-15 16.622299194335938 7.105429898699844e-15 14.97700023651123 13.695300102233887 7.435050010681152 7.217080116271973 5.051459789276123 3.10332989692688 2.8340699672698975
threshold=1.0000000180025095e-35 2.5000000000000004 2.5000000000000004 32.25000000000001 26.500000000000004 445.50000000000006 541.5000000000001 28.856250000000003 160.50000000000003 174.50000000000003 7.797900000000001 507.50000000000006 15.500000000000002 362.50000000000006 1.5000000000000002 1.5000000000000002 21.037500000000005 477.50000000000006 642.5000000000001 216.50000000000003 59.50000000000001
decision_type=2 2 2 2 2 2 2 2 2 2 2 2 2 2 2 2 2 2 2 2 2
left_child=-1 -2
right_child=1 -3
leaf_value=-0.27296091280993884 -0.38512762838471015 -0.3686325231531261 -0.48785406835002115 -0.6173787100454133 -0.48343845556495096 -0.5849975496215652 -0.5542354472189096 -0.23851913308639144 -0.22545500974297675 -0.19642362453538886 -0.6173787100454133 -0.298818104794584 -0.6173787100454133 -0.6173787100454133 -0.4670376080775474 -0.40690116729040104 -0.5692695574156962 -0.5599757438395008 -0.5452149811008377 -0.4770603482087385 -0.577287749520649
leaf_count=22 29 22 26 33 22 39 20 20 29 51 27 37 23 24 28 34 35 22 35 24 21
internal_value=0 1.53668 -0.807062 -1.33305 -1.22247 -0.959564 -0.632897 2.29834 2.07914 2.4558 -1.51824 -1.63517 -0.809768 -1.63517 0.537501 -0.924323 -0.13176 -0.198971 -1.13403 -1.21422 0.301223
internal_count=623 215 61 209 153 81 42 122 51 71 72 56 408 51 93 379 56 85 294 270 50
shrinkage=1


end of trees